mass_A
t	x	y
0.000000000E0	8.651213101E-3	6.216932573E-1
1.000000000E-2	1.210759268E-2	6.189518971E-1
2.000000000E-2	1.767528654E-2	6.153228130E-1
3.000000000E-2	2.119590385E-2	6.123211209E-1
4.000000000E-2	2.635187395E-2	6.087078480E-1
5.000000000E-2	3.168885803E-2	6.048619178E-1
6.000000000E-2	3.713789116E-2	6.009359000E-1
7.000000000E-2	4.306868423E-2	5.969916174E-1
8.000000000E-2	4.930652432E-2	5.930243391E-1
9.000000000E-2	5.720500053E-2	5.882115168E-1
1.000000000E-1	6.346805144E-2	5.840930960E-1
1.100000000E-1	7.098004155E-2	5.790545480E-1
1.200000000E-1	7.757193263E-2	5.748062269E-1
1.300000000E-1	8.576126274E-2	5.695968170E-1
1.400000000E-1	9.443354463E-2	5.646688428E-1
1.500000000E-1	1.035683829E-1	5.593682055E-1
1.600000000E-1	1.132453616E-1	5.542860063E-1
1.700000000E-1	1.232742145E-1	5.491457187E-1
1.800000000E-1	1.304629445E-1	5.447715232E-1
1.900000000E-1	1.407941463E-1	5.397757430E-1
2.000000000E-1	1.514448514E-1	5.346970317E-1
2.100000000E-1	1.622210721E-1	5.294951856E-1
2.200000000E-1	1.715572145E-1	5.253300675E-1
2.300000000E-1	1.823685958E-1	5.202750891E-1
2.400000000E-1	1.946242601E-1	5.151570709E-1
2.500000000E-1	2.069803474E-1	5.099446993E-1
2.600000000E-1	2.178628624E-1	5.060123586E-1
2.700000000E-1	2.291891541E-1	5.019738471E-1
2.800000000E-1	2.401165255E-1	4.978648240E-1
2.900000000E-1	2.517017545E-1	4.938537136E-1
3.000000000E-1	2.642969496E-1	4.900360400E-1
3.100000000E-1	2.775731610E-1	4.862030876E-1
3.200000000E-1	2.876199221E-1	4.833895354E-1
3.300000000E-1	3.020700545E-1	4.796736047E-1
3.400000000E-1	3.134993893E-1	4.768101723E-1
3.500000000E-1	3.250695528E-1	4.740925146E-1
3.600000000E-1	3.378548159E-1	4.714581560E-1
3.700000000E-1	3.507039797E-1	4.688706775E-1
3.800000000E-1	3.639621643E-1	4.664234029E-1
3.900000000E-1	3.762270096E-1	4.647788194E-1
4.000000000E-1	3.880973217E-1	4.632280383E-1
4.100000000E-1	3.996849204E-1	4.615364156E-1
4.200000000E-1	4.127483770E-1	4.603977473E-1
4.300000000E-1	4.261305241E-1	4.591069049E-1
4.400000000E-1	4.392842673E-1	4.577942992E-1
4.500000000E-1	4.527338105E-1	4.565631922E-1
4.600000000E-1	4.655478510E-1	4.562103031E-1
4.700000000E-1	4.788265586E-1	4.553193024E-1
4.800000000E-1	4.920053013E-1	4.549673350E-1
4.900000000E-1	5.053870310E-1	4.547909676E-1
5.000000000E-1	5.177832061E-1	4.548325292E-1
5.100000000E-1	5.305789003E-1	4.556862405E-1
5.200000000E-1	5.437737581E-1	4.562121190E-1
5.300000000E-1	5.565998543E-1	4.569475028E-1
5.400000000E-1	5.691326221E-1	4.580129468E-1
5.500000000E-1	5.819718804E-1	4.594268075E-1
5.600000000E-1	5.941706536E-1	4.606463746E-1
5.700000000E-1	6.063463515E-1	4.627192862E-1
5.800000000E-1	6.191725126E-1	4.650898264E-1
5.900000000E-1	6.308352491E-1	4.677530612E-1
6.000000000E-1	6.415019656E-1	4.704072660E-1
6.100000000E-1	6.536086554E-1	4.738910035E-1
6.200000000E-1	6.653600844E-1	4.774442390E-1
6.300000000E-1	6.750330211E-1	4.807912965E-1
6.400000000E-1	6.861210217E-1	4.838790131E-1
6.500000000E-1	6.974087100E-1	4.876706251E-1
6.600000000E-1	7.075823863E-1	4.913276032E-1
6.700000000E-1	7.178165785E-1	4.950399711E-1
6.800000000E-1	7.262143196E-1	4.979001245E-1
6.900000000E-1	7.363216891E-1	5.014680837E-1
7.000000000E-1	7.453568070E-1	5.051924274E-1
7.100000000E-1	7.540941343E-1	5.087775140E-1
7.200000000E-1	7.633622022E-1	5.122050169E-1
7.300000000E-1	7.715168012E-1	5.151838221E-1
7.400000000E-1	7.808970867E-1	5.186912808E-1
7.500000000E-1	7.887928048E-1	5.213489420E-1
7.600000000E-1	7.965067575E-1	5.238696219E-1
7.700000000E-1	8.044572250E-1	5.263771049E-1
7.800000000E-1	8.125075203E-1	5.289290673E-1
7.900000000E-1	8.201196816E-1	5.314166380E-1
8.000000000E-1	8.275162753E-1	5.337850520E-1
8.100000000E-1	8.352052009E-1	5.360660249E-1
8.200000000E-1	8.415399290E-1	5.377542055E-1
8.300000000E-1	8.489589203E-1	5.399351229E-1
8.400000000E-1	8.554115870E-1	5.415699397E-1
8.500000000E-1	8.620711208E-1	5.437581906E-1
8.600000000E-1	8.681513721E-1	5.451898156E-1
8.700000000E-1	8.749381801E-1	5.472568136E-1
8.800000000E-1	8.807813109E-1	5.487920486E-1
8.900000000E-1	8.872656124E-1	5.503527861E-1
9.000000000E-1	8.941236503E-1	5.521029340E-1
9.100000000E-1	8.994815122E-1	5.535203983E-1
9.200000000E-1	9.052098811E-1	5.548956912E-1
9.300000000E-1	9.105262886E-1	5.561476412E-1
9.400000000E-1	9.159010789E-1	5.573531897E-1
9.500000000E-1	9.217217181E-1	5.586084013E-1
9.600000000E-1	9.272677857E-1	5.596841860E-1
9.700000000E-1	9.328198705E-1	5.606359812E-1
9.800000000E-1	9.365611756E-1	5.611731889E-1
9.900000000E-1	9.415820702E-1	5.622856228E-1
1.000000000E0	9.465762055E-1	5.633343554E-1
1.010000000E0	9.517538290E-1	5.642990104E-1
1.020000000E0	9.555645553E-1	5.648854083E-1
1.030000000E0	9.604291393E-1	5.659302331E-1
1.040000000E0	9.644167614E-1	5.661626636E-1
1.050000000E0	9.693250218E-1	5.670897910E-1
1.060000000E0	9.734668242E-1	5.672464953E-1
1.070000000E0	9.781893785E-1	5.682555935E-1
1.080000000E0	9.820025022E-1	5.684737250E-1
1.090000000E0	9.863084038E-1	5.692783317E-1
1.100000000E0	9.895922688E-1	5.695143342E-1
1.110000000E0	9.933113245E-1	5.696895025E-1
1.120000000E0	9.969370345E-1	5.697347022E-1
1.130000000E0	1.001453423E0	5.706003011E-1
1.140000000E0	1.004394750E0	5.706850043E-1
1.150000000E0	1.007793055E0	5.708759522E-1
1.160000000E0	1.012565717E0	5.717286537E-1
1.170000000E0	1.015819665E0	5.718690518E-1
1.180000000E0	1.019089183E0	5.719901427E-1
1.190000000E0	1.021933733E0	5.719812554E-1
1.200000000E0	1.024819550E0	5.719888309E-1
1.210000000E0	1.028302826E0	5.721377086E-1
1.220000000E0	1.032840131E0	5.725588092E-1
1.230000000E0	1.035623394E0	5.729289935E-1
1.240000000E0	1.038952058E0	5.728947760E-1
1.250000000E0	1.042364123E0	5.730073511E-1
1.260000000E0	1.045245849E0	5.729450717E-1
1.270000000E0	1.048547596E0	5.729603254E-1
1.280000000E0	1.051741297E0	5.729051206E-1
1.290000000E0	1.054406835E0	5.728391782E-1
1.300000000E0	1.057454595E0	5.728610209E-1
1.310000000E0	1.060380848E0	5.728433627E-1
1.320000000E0	1.063166953E0	5.728141356E-1
1.330000000E0	1.066421438E0	5.729771433E-1
1.340000000E0	1.069413818E0	5.728602389E-1
1.350000000E0	1.072331685E0	5.728785146E-1
1.360000000E0	1.075542161E0	5.728886658E-1
1.370000000E0	1.078559281E0	5.726858834E-1
1.380000000E0	1.081201686E0	5.726211496E-1
1.390000000E0	1.084615494E0	5.726644330E-1
1.400000000E0	1.087786470E0	5.724893243E-1
1.410000000E0	1.090846207E0	5.725214650E-1
1.420000000E0	1.093879380E0	5.724470947E-1
1.430000000E0	1.096896905E0	5.723947333E-1
1.440000000E0	1.099771364E0	5.724559952E-1
1.450000000E0	1.102728734E0	5.724104413E-1
1.460000000E0	1.105639477E0	5.723087047E-1
1.470000000E0	1.108629765E0	5.721467368E-1
1.480000000E0	1.111914053E0	5.720913433E-1
1.490000000E0	1.114191200E0	5.714490744E-1
1.500000000E0	1.117273511E0	5.710928209E-1
1.510000000E0	1.120507995E0	5.709927683E-1
1.520000000E0	1.124102221E0	5.709152919E-1
1.530000000E0	1.127290864E0	5.708406278E-1
1.540000000E0	1.130739140E0	5.708073525E-1
1.550000000E0	1.134415307E0	5.708352730E-1
1.560000000E0	1.137796725E0	5.706762443E-1
1.570000000E0	1.141280671E0	5.707130590E-1
1.580000000E0	1.145232493E0	5.705714601E-1
1.590000000E0	1.147606192E0	5.697834007E-1
1.600000000E0	1.151212536E0	5.694641345E-1
1.610000000E0	1.155135759E0	5.692513712E-1
1.620000000E0	1.159082529E0	5.689952135E-1
1.630000000E0	1.162094681E0	5.682053163E-1
1.640000000E0	1.165660872E0	5.680106524E-1
1.650000000E0	1.169701398E0	5.678072060E-1
1.660000000E0	1.172659124E0	5.672223302E-1
1.670000000E0	1.177150327E0	5.666355550E-1
1.680000000E0	1.181487126E0	5.664061835E-1
1.690000000E0	1.184805796E0	5.654554321E-1
1.700000000E0	1.189529292E0	5.652181747E-1
1.710000000E0	1.192474591E0	5.641781165E-1
1.720000000E0	1.197283992E0	5.638931612E-1
1.730000000E0	1.202259648E0	5.636102868E-1
1.740000000E0	1.205667166E0	5.625996515E-1
1.750000000E0	1.209661665E0	5.618394978E-1
1.760000000E0	1.214299865E0	5.612913252E-1
1.770000000E0	1.219686552E0	5.609222266E-1
1.780000000E0	1.224076422E0	5.600001124E-1
1.790000000E0	1.228351367E0	5.586854176E-1
1.800000000E0	1.232482257E0	5.573727042E-1
1.810000000E0	1.237073778E0	5.562415445E-1
1.820000000E0	1.241734703E0	5.548684136E-1
1.830000000E0	1.246801641E0	5.537994399E-1
1.840000000E0	1.252280679E0	5.524365907E-1
1.850000000E0	1.258750249E0	5.514502837E-1
1.860000000E0	1.264118121E0	5.502595148E-1
1.870000000E0	1.268796938E0	5.483150919E-1
1.880000000E0	1.275087459E0	5.464595368E-1
1.890000000E0	1.280709178E0	5.440438036E-1
1.900000000E0	1.286992118E0	5.425324816E-1
1.910000000E0	1.292689868E0	5.403099615E-1
1.920000000E0	1.298924443E0	5.376542678E-1
1.930000000E0	1.305113701E0	5.350169884E-1
1.940000000E0	1.311564446E0	5.323631427E-1
1.950000000E0	1.317884772E0	5.297349001E-1
1.960000000E0	1.325030478E0	5.271862278E-1
1.970000000E0	1.331728187E0	5.244751857E-1
1.980000000E0	1.339281354E0	5.215591097E-1
1.990000000E0	1.346150295E0	5.180783132E-1
2.000000000E0	1.354005065E0	5.150353808E-1
