mass_A
t	x	y
0.000000000E0	3.008537492E-2	6.061712457E-1
1.000000000E-2	3.502425176E-2	6.019749775E-1
2.000000000E-2	4.013264790E-2	5.980648576E-1
3.000000000E-2	4.573048074E-2	5.941289197E-1
4.000000000E-2	5.087653067E-2	5.901746809E-1
5.000000000E-2	5.629258647E-2	5.859904319E-1
6.000000000E-2	6.212883354E-2	5.820972511E-1
7.000000000E-2	6.992228536E-2	5.772070011E-1
8.000000000E-2	7.743397982E-2	5.723911799E-1
9.000000000E-2	8.472635262E-2	5.678408605E-1
1.000000000E-1	9.275466760E-2	5.627121631E-1
1.100000000E-1	9.742691606E-2	5.584836199E-1
1.200000000E-1	1.060317465E-1	5.534243524E-1
1.300000000E-1	1.155209827E-1	5.482413505E-1
1.400000000E-1	1.254946860E-1	5.429981449E-1
1.500000000E-1	1.352486899E-1	5.376689371E-1
1.600000000E-1	1.457136358E-1	5.324582171E-1
1.700000000E-1	1.558711325E-1	5.273934605E-1
1.800000000E-1	1.667064418E-1	5.225472340E-1
1.900000000E-1	1.762146391E-1	5.174372302E-1
2.000000000E-1	1.871035308E-1	5.128878263E-1
2.100000000E-1	1.969183811E-1	5.086484731E-1
2.200000000E-1	2.071158481E-1	5.043286588E-1
2.300000000E-1	2.220354812E-1	4.990109666E-1
2.400000000E-1	2.334868945E-1	4.946441659E-1
2.500000000E-1	2.459468497E-1	4.901100947E-1
2.600000000E-1	2.577949151E-1	4.859207519E-1
2.700000000E-1	2.703693685E-1	4.820498561E-1
2.800000000E-1	2.826849322E-1	4.779617583E-1
2.900000000E-1	2.936603404E-1	4.749013695E-1
3.000000000E-1	3.072792496E-1	4.712178212E-1
3.100000000E-1	3.192264231E-1	4.685727375E-1
3.200000000E-1	3.314839634E-1	4.655315354E-1
3.300000000E-1	3.444597457E-1	4.629848316E-1
3.400000000E-1	3.579051070E-1	4.602712179E-1
3.500000000E-1	3.704864124E-1	4.583384240E-1
3.600000000E-1	3.833398258E-1	4.561173408E-1
3.700000000E-1	3.939341836E-1	4.543348919E-1
3.800000000E-1	4.135573269E-1	4.525255584E-1
3.900000000E-1	4.217581608E-1	4.501787396E-1
4.000000000E-1	4.347020248E-1	4.490313894E-1
4.100000000E-1	4.473636319E-1	4.476979138E-1
4.200000000E-1	4.602552856E-1	4.473117945E-1
4.300000000E-1	4.726317328E-1	4.463129146E-1
4.400000000E-1	4.859201711E-1	4.455190087E-1
4.500000000E-1	4.984910198E-1	4.448782113E-1
4.600000000E-1	5.113161867E-1	4.448910668E-1
4.700000000E-1	5.256942335E-1	4.447575043E-1
4.800000000E-1	5.381555268E-1	4.448668475E-1
4.900000000E-1	5.510507312E-1	4.454841028E-1
5.000000000E-1	5.632998266E-1	4.465486587E-1
5.100000000E-1	5.757579695E-1	4.475621600E-1
5.200000000E-1	5.879906566E-1	4.487484296E-1
5.300000000E-1	5.991422624E-1	4.512920610E-1
5.400000000E-1	6.115210494E-1	4.521881221E-1
5.500000000E-1	6.238524631E-1	4.543156775E-1
5.600000000E-1	6.354280644E-1	4.562363451E-1
5.700000000E-1	6.478192932E-1	4.588671583E-1
5.800000000E-1	6.586012315E-1	4.619429103E-1
5.900000000E-1	6.731489556E-1	4.656855574E-1
6.000000000E-1	6.833931820E-1	4.689256667E-1
6.100000000E-1	6.942720732E-1	4.723372852E-1
6.200000000E-1	7.042535745E-1	4.759431504E-1
6.300000000E-1	7.147115941E-1	4.793437424E-1
6.400000000E-1	7.248764025E-1	4.829692897E-1
6.500000000E-1	7.325152272E-1	4.860490042E-1
6.600000000E-1	7.433156661E-1	4.894930021E-1
6.700000000E-1	7.534480831E-1	4.929801470E-1
6.800000000E-1	7.616597317E-1	4.958283574E-1
6.900000000E-1	7.708723095E-1	4.985061121E-1
7.000000000E-1	7.793513203E-1	5.017290689E-1
7.100000000E-1	7.874701315E-1	5.046779770E-1
7.200000000E-1	7.949994510E-1	5.076708136E-1
7.300000000E-1	8.019198709E-1	5.118942770E-1
7.400000000E-1	8.142627278E-1	5.150265927E-1
7.500000000E-1	8.216538354E-1	5.177045355E-1
7.600000000E-1	8.295461216E-1	5.199362260E-1
7.700000000E-1	8.371716586E-1	5.222280476E-1
7.800000000E-1	8.437916363E-1	5.239562069E-1
7.900000000E-1	8.503772041E-1	5.255417518E-1
8.000000000E-1	8.582055006E-1	5.276479497E-1
8.100000000E-1	8.659905566E-1	5.298694355E-1
8.200000000E-1	8.719479736E-1	5.315180352E-1
8.300000000E-1	8.761401580E-1	5.325968851E-1
8.400000000E-1	8.862443908E-1	5.349216297E-1
8.500000000E-1	8.916620146E-1	5.361343505E-1
8.600000000E-1	8.965880656E-1	5.378041935E-1
8.700000000E-1	9.014366147E-1	5.388907006E-1
8.800000000E-1	9.065285183E-1	5.399420128E-1
8.900000000E-1	9.122142391E-1	5.413909307E-1
9.000000000E-1	9.170886918E-1	5.426993836E-1
9.100000000E-1	9.216578247E-1	5.437440799E-1
9.200000000E-1	9.270596458E-1	5.451940820E-1
9.300000000E-1	9.322490748E-1	5.462841521E-1
9.400000000E-1	9.371738220E-1	5.472639447E-1
9.500000000E-1	9.440859431E-1	5.484355106E-1
9.600000000E-1	9.505439091E-1	5.496468226E-1
9.700000000E-1	9.545132621E-1	5.497783973E-1
9.800000000E-1	9.591698442E-1	5.506326599E-1
9.900000000E-1	9.643047865E-1	5.515725475E-1
1.000000000E0	9.683922692E-1	5.520622331E-1
1.010000000E0	9.725113629E-1	5.532051824E-1
1.020000000E0	9.755669991E-1	5.535195546E-1
1.030000000E0	9.802940337E-1	5.544029115E-1
1.040000000E0	9.842396064E-1	5.544924317E-1
1.050000000E0	9.876090769E-1	5.542664212E-1
1.060000000E0	9.923528789E-1	5.552227943E-1
1.070000000E0	9.981042120E-1	5.562360035E-1
1.080000000E0	1.000303787E0	5.564835941E-1
1.090000000E0	1.003144496E0	5.564688162E-1
1.100000000E0	1.004798104E0	5.568853907E-1
1.110000000E0	1.005549140E0	5.569629089E-1
1.120000000E0	1.007180765E0	5.582538204E-1
1.130000000E0	1.009374582E0	5.588644972E-1
1.140000000E0	1.024272163E0	5.626868131E-1
1.150000000E0	1.027160017E0	5.624059178E-1
1.160000000E0	1.030085411E0	5.622680252E-1
1.170000000E0	1.032532437E0	5.621706518E-1
1.180000000E0	1.035305686E0	5.619791371E-1
1.190000000E0	1.034616730E0	5.609899551E-1
1.200000000E0	1.037421365E0	5.609438135E-1
1.210000000E0	1.040259850E0	5.609349724E-1
1.220000000E0	1.043073712E0	5.610040857E-1
1.230000000E0	1.048551112E0	5.585358789E-1
1.240000000E0	1.047986525E0	5.609813856E-1
1.250000000E0	1.050174098E0	5.610111466E-1
1.260000000E0	1.051989675E0	5.608885665E-1
1.270000000E0	1.054470817E0	5.609540749E-1
1.280000000E0	1.058905215E0	5.617683270E-1
1.290000000E0	1.061614734E0	5.619170335E-1
1.300000000E0	1.064352040E0	5.619591375E-1
1.310000000E0	1.068279621E0	5.620061001E-1
1.320000000E0	1.068814300E0	5.616087662E-1
1.330000000E0	1.071060476E0	5.616628476E-1
1.340000000E0	1.073500396E0	5.616356611E-1
1.350000000E0	1.076108416E0	5.617225114E-1
1.360000000E0	1.078852281E0	5.614937471E-1
1.370000000E0	1.081514596E0	5.615055165E-1
1.380000000E0	1.083721705E0	5.615898818E-1
1.390000000E0	1.087016820E0	5.615435167E-1
1.400000000E0	1.089677218E0	5.617437009E-1
1.410000000E0	1.092532309E0	5.616633131E-1
1.420000000E0	1.095074241E0	5.616632621E-1
1.430000000E0	1.097481678E0	5.618201066E-1
1.440000000E0	1.099556682E0	5.614250032E-1
1.450000000E0	1.102046837E0	5.613586259E-1
1.460000000E0	1.104527609E0	5.613707201E-1
1.470000000E0	1.106990959E0	5.613157030E-1
1.480000000E0	1.109625932E0	5.612289277E-1
1.490000000E0	1.112260799E0	5.611757892E-1
1.500000000E0	1.114806202E0	5.612793998E-1
1.510000000E0	1.117430924E0	5.611825642E-1
1.520000000E0	1.119945559E0	5.611372869E-1
1.530000000E0	1.122431817E0	5.611758736E-1
1.540000000E0	1.124902761E0	5.611970146E-1
1.550000000E0	1.127894682E0	5.610637109E-1
1.560000000E0	1.129886663E0	5.610787687E-1
1.570000000E0	1.132678486E0	5.609631790E-1
1.580000000E0	1.135202440E0	5.609167748E-1
1.590000000E0	1.137906340E0	5.607541386E-1
1.600000000E0	1.140694443E0	5.605785666E-1
1.610000000E0	1.144400913E0	5.606857283E-1
1.620000000E0	1.148020191E0	5.606838816E-1
1.630000000E0	1.150734232E0	5.606032898E-1
1.640000000E0	1.151739271E0	5.593074191E-1
1.650000000E0	1.154754357E0	5.591758204E-1
1.660000000E0	1.158291248E0	5.591682882E-1
1.670000000E0	1.160585894E0	5.580395433E-1
1.680000000E0	1.163461112E0	5.579617673E-1
1.690000000E0	1.167459382E0	5.579236746E-1
1.700000000E0	1.171100475E0	5.578155130E-1
1.710000000E0	1.174917982E0	5.578106408E-1
1.720000000E0	1.178623043E0	5.577662406E-1
1.730000000E0	1.182609347E0	5.576553972E-1
1.740000000E0	1.186261494E0	5.576783305E-1
1.750000000E0	1.190364345E0	5.576159813E-1
1.760000000E0	1.194207503E0	5.575288320E-1
1.770000000E0	1.198198312E0	5.573805928E-1
1.780000000E0	1.200398594E0	5.561885286E-1
1.790000000E0	1.202703700E0	5.548609353E-1
1.800000000E0	1.207446748E0	5.545267560E-1
1.810000000E0	1.211992965E0	5.546651447E-1
1.820000000E0	1.214849739E0	5.533024998E-1
1.830000000E0	1.217295482E0	5.521924070E-1
1.840000000E0	1.221525901E0	5.523672940E-1
1.850000000E0	1.226040310E0	5.524092604E-1
1.860000000E0	1.231059977E0	5.523208696E-1
1.870000000E0	1.236621037E0	5.520720725E-1
1.880000000E0	1.241598887E0	5.517366347E-1
1.890000000E0	1.245599069E0	5.504283474E-1
1.900000000E0	1.249714424E0	5.489652363E-1
1.910000000E0	1.254618956E0	5.489261263E-1
1.920000000E0	1.259130656E0	5.481766913E-1
1.930000000E0	1.263704184E0	5.463661181E-1
1.940000000E0	1.268557431E0	5.450917488E-1
1.950000000E0	1.273675203E0	5.437392190E-1
1.960000000E0	1.278908582E0	5.423255846E-1
1.970000000E0	1.282951698E0	5.395324354E-1
1.980000000E0	1.288953861E0	5.383660248E-1
1.990000000E0	1.294543335E0	5.365363385E-1
2.000000000E0	1.299310806E0	5.344567395E-1
2.010000000E0	1.305678912E0	5.328861917E-1
2.020000000E0	1.311021665E0	5.302256803E-1
2.030000000E0	1.316774268E0	5.278467711E-1
2.040000000E0	1.323754125E0	5.261700807E-1
2.050000000E0	1.329451221E0	5.239352627E-1
2.060000000E0	1.337585576E0	5.222667945E-1
2.070000000E0	1.343718601E0	5.197183457E-1
2.080000000E0	1.349352914E0	5.155358636E-1
2.090000000E0	1.356611449E0	5.131457970E-1
2.100000000E0	1.363474911E0	5.090646461E-1
2.110000000E0	1.371322162E0	5.060930905E-1
